0
240
480
720
960
1199
1280
1368
1460
1572
1608
1704
1788
1860
1896
2052
2112
2194
2256
2412
2652
2814
2940
3180
3348
3414
3428
3444
3460
3475
3544
3784
3802
3871
4057
4097
4117
4128
4159
4184
4424
4568
4657
4735
4974
5214
5454
5571
5593
5731
5767
5863
6091
6187
6259
6307
6391
6589
6673
6875
6911
7079
7319
7355
7439
7511
7545
7651
7771
7915
7975
8035
8083
8155
8263
8359
8599
8607
8715
8734
8758
8786
8930
9122
9230
9302
9350
9398
9530
9599
9624
9744
9816
9923
10139
10288
10360
10564
10660
10756
10921
11080
11224
11416
11536
11692
11824
11896
11956
12016
12040
12124
12196
12256
12328
12436
12496
12544
12676
12736
12855
13084
13204
13336
13576
13600
13732
13828
13912
14048
14132
14228
14420
14504
14708
14876
15080
15188
15428
15452
15692
15752
15812
15860
15908
15968
15995
16022
16070
16094
16118
16334
16370
16406
16430
16670
16706
16826
16970
17006
17246
17258
17294
17534
17582
17618
17666
17738
17834
17900
18026
18182
18422
18470
18578
18682
18798
18942
19182
19338
19422
19518
19698
19746
19788
19908
20064
20220
20460
20484
20544
20616
20688
20784
20916
21066
21114
21332
21480
21696
21824
21900
22068
22137
22152
22224
22263
22383
22512
22728
22836
22908
22958
23014
23086
23242
23326
23398
23494
23626
23758
23996
24022
24181
24214
24298
24486
24651
24891
24995
25235
25247
25367
25403
25511
25667
25787
26027
26111
26195
26255
26303
26351
26459
26543
26615
26675
26819
27011
27083
27131
27167
27203
27287
27317
27390
27401
27601
27641
27791
27851
27923
28151
28319
28559
28757
28897
29017
29137
29255
29303
29543
29723
29867
29963
30011
30059
30143
30203
30275
30311
30407
30467
30635
30803
30825
30843
30867
30891
30909
30933
30953
30977
31049
31205
31265
31397
31429
31465
31513
31549
31585
31741
31801
31849
32041
32149
32257
32329
32449
32557
32629
32668
32713
32761
32845
32905
33037
33109
33181
33241
33279
33313
33349
33421
33457
33517
33565
33589
33685
33781
33829
33901
33973
34081
34105
34177
34297
34381
34465
34537
34741
34789
34849
34921
34951
34987
35083
35191
35263
35419
35539
35611
35695
35743
35815
35935
35975
36059
36145
36241
36275
36293
36347
36395
36443
36527
36575
36734
36839
36899
36971
37019
37115
37247
37367
37439
37547
37595
37751
37775
37835
37919
37991
38087
38231
38267
38299
38335
38422
38467
38503
38623
38731
38971
38996
39031
39067
39163
39199
39267
39375
39423
39471
39651
39831
39915
40047
40203
40441
40467
40563
40611
40677
40709
40769
40829
40913
40997
41021
41057
41129
41177
41249
41279
41315
41387
41567
41603
41651
41807
41999
42035
42071
42119
42227
42263
42311
42373
42394
42510
42522
42594
42690
42726
42808
42868
43012
43182
43400
43436
43478
43568
43616
43720
43844
43904
44036
44152
44212
44328
44412
44508
44697
44778
44826
44980
45150
45226
45356
45430
45578
45664
45768
45802
45838
45906
46044
46179
46215
46299
46383
46449
46500
46584
46668
46752
46869
46887
46935
47118
47238
47406
47526
47682
47718
47826
47934
48078
48318
48558
48584
48654
48738
48822
49062
49074
49218
49278
49518
49758
49878
50118
50202
50262
50290
50316
50364
50400
50484
50556
50604
50688
50808
51018
51082
51262
51321
51483
51592
51832
51867
51987
52059
52119
52260
52500
52692
52800
52884
52968
53106
53226
53310
53358
53574
53658
53742
53790
53898
54042
54258
54318
54438
54498
54558
54642
54798
54870
54930
55002
55086
55206
55350
55464
55572
55710
55950
56130
56190
56274
56322
56382
56454
56526
56586
56658
56802
56862
57024
57072
57108
57204
57264
57360
57480
57612
57720
57792
57852
57948
57984
58176
58296
58536
58548
58776
58800
58932
59076
59190
59247
59343
59382
59430
59478
59622
59730
59910
60018
60102
60342
60366
60498
60594
60810
61014
61086
61194
61306
61546
61594
61702
61852
62062
62194
62278
62362
62410
62482
62555
62795
62944
63040
63280
63344
63496
63668
63736
63976
64181
64259
64306
64374
64450
64498
64540
64607
64762
64834
64870
64926
64986
65084
65132
65204
65264
65336
65372
65408
65456
65516
65558
65618
65738
65898
66030
66246
66282
66330
66378
66618
66642
66690
66798
66870
66918
66990
67130
67152
67200
67440
67500
67656
67740
67908
68016
68094
68166
68250
68298
68406
68586
68634
68790
68838
68886
68994
69066
69102
69174
69222
69258
69306
69340
69422
69486
69606
69738
69882
70003
70063
70251
70443
70503
70647
70731
70767
70899
71007
71127
71175
71265
71373
71433
71505
71577
71673
71745
71925
72105
72153
72201
72273
72513
72525
72717
72825
72945
73017
73125
73269
73399
73421
73589
73697
73793
74033
74045
74273
74369
74489
74645
74777
74825
74957
75005
75053
75137
75185
75275
75293
75317
75449
75509
75593
75701
75869
75989
76133
76277
76409
76481
76553
76745
76805
76961
76985
77019
77163
77295
77331
77454
77622
77742
77862
78053
78089
78209
78269
78341
78521
78761
78953
79175
79229
79325
79469
79601
79709
79949
79985
80129
80177
80249
80393
80633
80681
80921
80981
81053
81125
81197
81269
81497
81653
81683
81851
82019
82139
82378
82439
82511
82619
82859
82871
82943
82991
83087
83183
83279
83518
83531
83627
83711
83849
83951
84023
84227
84466
84549
84621
84858
85096
85221
85341
85497
85737
85761
85845
85929
86139
86190
86241
86457
86577
86735
86795
86951
87083
87275
87513
87753
87992
88231
88470
88708
88947
89187
89383
89605
89726
89800
90037
90177
90417
90431
90543
90611
90666
90843
90887
90970
91110
91348
91588
91644
91668
91868
92108
92168
92324
92384
92480
92512
92524
92596
92704
92900
92996
93152
93248
93380
93452
93656
93728
93812
93896
94136
94316
94381
94532
94616
94692
94712
94748
94986
95036
95132
95192
95350
95458
95536
95592
95782
95842
95938
96022
96190
96346
96406
96480
96514
96562
96718
96754
96826
96930
96966
97002
97110
97146
97360
97444
97516
97588
97828
97984
98140
98296
98458
98482
98566
98602
98674
98830
98998
99022
99118
99214
99286
99358
99526
99670
99876
99900
99972
99990
100050
100182
100242
100338
100392
100452
100500
100584
100644
100800
100836
100872
100908
100944
100992
101064
101161
101257
101377
101581
101677
101725
101761
101857
102001
102049
102121
102223
102271
102509
102563
102755
102923
103043
103127
103295
103370
103466
103622
103682
103754
103994
104006
104087
104279
104375
104615
104699
104807
104865
104891
104963
105035
105227
105467
105611
105767
105875
105935
105983
106055
106103
106211
106307
106355
106525
106619
106767
106851
106923
107055
107235
107474
107475
107643
107835
107943
108075
108111
108131
108203
108275
108503
108551
108695
108803
108911
109007
109115
109163
109235
109319
109379
109451
109549
109571
109607
109667
109906
109929
109953
110157
110394
110397
110529
110721
110793
111033
111094
111154
111346
111406
111442
111509
111545
111633
111697
111745
111763
111799
111937
112088
112151
112187
112235
112271
112319
112355
112473
112590
112769
113009
113093
113333
113393
113531
113651
113891
113927
113999
114023
114059
114083
114266
114401
114473
114533
114725
114773
114833
114893
115064
115100
115208
115244
115352
115472
115568
115736
115841
115892
116012
116119
116299
116367
116463
116499
116555
116593
116645
116811
117044
117200
117378
117474
117564
117732
117762
117789
117915
118035
118275
118480
118720
118885
119124
119364
119519
119567
119603
119675
119723
119798
119843
120002
120114
120174
120282
120426
120510
120534
120582
120660
120784
120810
120930
120978
121014
121152
121230
121290
121362
121422
121470
121566
121626
121662
121734
121846
122082
122226
122394
122526
122634
122730
122898
122958
123018
123102
123174
123270
123388
123460
123498
123642
123738
123842
123890
124010
124070
124155
124287
124358
124420
124589
124780
124814
124874
125006
125066
125186
125246
125426
125498
125534
125606
125654
125750
125798
125894
126014
126148
126304
126376
126449
126521
126711
126795
126855
126951
126999
127071
127167
127251
127311
127407
127455
127623
127695
127935
128175
128387
128573
128680
128803
129041
129085
129195
129255
129495
129567
129729
129915
130155
130302
130469
130558
130713
130766
130820
130952
131036
131065
131181
131361
131601
131735
131975
132215
132302
132362
132422
132494
132680
132920
132992
133064
133160
133352
133400
133475
133591
133639
133723
133879
133939
133957
133969
134019
134053
134113
134293
134401
134521
134557
134593
134641
134713
134893
134941
134989
135025
135061
135085
135121
135169
135223
135403
135481
135625
135679
135895
136051
136171
136255
136327
136519
136627
136723
136843
136987
137185
137263
137359
137509
137629
137677
137745
137779
137851
137935
138091
138271
138345
138585
138607
138824
138859
138919
139153
139252
139288
139426
139510
139582
139821
139822
140061
140090
140162
140258
140318
140366
140546
140630
140678
140720
140786
140846
140970
141014
141180
141208
141236
141266
141314
141552
141573
141607
141640
141673
141707
141740
141774
141808
141949
142086
142179
142293
142363
142499
142565
142631
142727
142884
142980
143218
143248
143392
143463
143523
143575
143685
143877
143924
144008
144101
144217
144278
144498
144536
144750
144918
144976
145216
145456
145638
145878
145912
146152
146392
146632
146861
147074
147314
147554
147794
148034
148274
148514
148754
148994
149234
149474
149714
149954
150194
150434
150674
150914
151154
151394
151634
151874
152114
152354
152594
152834
153074
153174
