0
250
500
750
853
929
993
1050
1127
1259
1292
1306
1346
1366
1368
1370
1378
1474
1623
1815
1905
2025
2064
2146
2188
2214
2286
2316
2349
2439
2509
2527
2545
2565
2618
2687
2765
2831
2919
2921
3005
3099
3122
3130
3192
3234
3330
3459
3567
3700
3783
3908
3920
3924
3939
3946
3953
3957
3965
3969
3973
3975
3977
3979
4035
4078
4080
4082
4092
4176
4234
4280
4482
4499
4501
4614
4674
4847
4923
5079
5140
5188
5196
5211
5214
5230
5232
5235
5259
5328
5386
5485
5530
5780
5781
5898
6012
6228
6350
6475
6607
6733
6877
7091
7235
7355
7453
7669
7779
7958
8139
8222
8304
8306
8332
8511
8654
8904
8942
9002
9069
9147
9327
9394
9484
9552
9624
9688
9736
9791
9845
9880
9897
9949
10064
10111
10185
10263
10383
10512
10602
10702
10704
10894
11144
11214
11334
11436
11528
11709
11791
11865
11994
12174
12258
12356
12491
12534
12611
12710
12719
12839
12911
13003
13069
13107
13157
13202
13207
13227
13316
13446
13623
13743
13993
14121
14198
14213
14217
14368
14429
14532
14640
14716
14776
14854
15043
15139
15227
15476
15600
15777
15853
16029
16085
16152
16264
16514
16543
16723
16847
16921
17013
17249
17495
17592
17616
17636
17638
17712
17808
18013
18263
18362
18478
18532
18687
18768
18791
18795
18817
18957
19073
19145
19321
19370
19412
19426
19428
19430
19434
19438
19450
19452
19456
19472
19500
19516
19536
19554
19560
19588
19762
19870
19984
20215
20390
20498
20594
20782
20944
20950
21042
21082
21138
21244
21301
21388
21479
21601
21682
21846
21940
22027
22043
22045
22105
22169
22419
22486
22669
22856
22959
23034
23094
23238
23322
23394
23484
23553
23617
23665
23770
23842
23944
24072
24100
24118
24127
24142
24154
24166
24169
24176
24180
24200
24203
24224
24237
24239
24251
24260
24269
24272
24276
24278
24284
24296
24341
24389
24506
24599
24687
24759
24903
25107
25287
25371
25508
25547
25662
25831
25889
25959
26003
26162
26222
26318
26408
26519
26588
26647
26743
26797
26863
26923
26994
27098
27201
27252
27408
27453
27487
27539
27561
27569
27594
27614
27666
27703
27733
27757
27767
27857
27933
28094
28190
28430
28506
28586
28724
28862
28897
28955
28965
28986
29074
29238
29323
29371
29491
29523
29665
29737
29817
29827
29829
29839
29841
29899
29901
29903
29989
29993
30137
30229
30231
30313
30343
30361
30371
30382
30456
30497
30565
30807
30905
30914
31007
31133
31187
31197
31257
31387
31447
31697
31750
31810
31856
31864
31962
32022
32091
32181
32201
32226
32260
32310
32351
32407
32497
32527
32604
32668
32730
32808
32888
33009
33075
33156
33159
33207
33275
33285
33331
33333
33335
33337
33391
33409
33415
33439
33494
33630
33738
33810
33870
33918
34002
34093
34173
34255
34283
34367
34393
34407
34451
34511
34576
34603
34618
34628
34712
34767
34808
34917
34998
35130
35280
35286
35288
35345
35429
35473
35554
35674
35866
35914
35960
36028
36112
36246
36378
36534
36625
36695
36745
36757
36817
36857
36900
36914
36922
36924
36932
36936
36938
36940
36942
36944
36948
36951
36999
37032
37111
37171
37218
37278
37296
37305
37328
37353
37371
37388
37430
37446
37456
37488
37514
37532
37578
37580
37652
37685
37691
37723
37757
37819
37918
37990
38134
38245
38341
38456
38549
38621
38657
38749
38790
38979
39111
39171
39219
39386
39488
39584
39680
39764
39908
39964
40012
40075
40123
40151
40171
40173
40175
40187
40189
40191
40193
40195
40286
40324
40340
40343
40346
40349
40367
40463
40607
40703
40796
40981
41179
41244
41494
41534
41676
41811
41954
42008
42176
42248
42422
42592
42842
42880
43041
43250
43322
43394
43550
43738
43849
44099
44349
44514
44568
44640
44708
44791
44879
44960
44981
45210
45460
45473
45569
45641
45705
45816
46066
46251
46323
46395
46563
46655
46791
46878
46967
47112
47227
47315
47453
47543
47687
47915
47945
48107
48299
48549
48605
48743
48836
49021
49182
49232
49482
49592
49682
49796
50000
50144
50358
50423
50673
50923
50999
51167
51315
51407
51491
51593
51843
51881
52131
52149
52233
52467
52609
52731
52798
52948
53111
53309
53339
53534
53654
53721
53806
53844
53902
53956
53980
54055
54121
54144
54319
54406
54507
54633
54777
54890
54988
55186
55436
55474
55553
55569
55641
55863
55977
56145
56217
56467
56612
56702
56840
56931
57022
57272
57446
57554
57686
57782
57874
58000
58116
58326
58576
58614
58830
58891
58932
58973
59009
59039
59146
59368
59487
59587
59648
59898
60032
60246
60363
60404
60454
60496
60640
60890
60952
61024
61274
61524
61565
61757
61959
62209
62271
62433
62559
62751
62872
62966
63083
63115
63259
63355
63554
63626
63734
63829
63873
64123
64263
64383
64391
64424
64520
64622
64735
64822
64887
65079
65175
65403
65505
65589
65652
65748
65998
66180
66324
66396
66534
66606
66719
66797
66893
67029
67037
67078
67103
67131
67135
67227
67401
67651
67718
67848
67874
67878
67880
67882
67884
67888
67890
67950
68010
68112
68185
68320
68384
68580
68697
68818
68873
68969
69089
69252
69264
69401
69461
69665
69915
69953
70145
70193
70337
70549
70761
70862
70982
71204
71276
71324
71420
71580
71724
71778
71922
71934
72078
72114
72174
72213
72261
72333
72436
72508
72586
72604
72752
72845
72889
72911
72915
72944
72996
73000
73072
73112
73122
73124
73126
73132
73136
73144
73168
73216
73357
73471
73615
73807
73879
73967
73973
74057
74171
74254
74359
74386
74448
74496
74559
74623
74714
74913
74997
75190
75440
75622
75694
75944
76126
76229
76246
76288
76318
76362
76418
76466
76516
76635
76652
76699
76794
76859
76912
77049
77077
77087
77134
77182
77266
77329
77439
77481
77574
77684
77708
77774
77846
77936
78035
78056
78106
78141
78151
78153
78155
78158
78161
78167
78239
78338
78488
78506
78578
78650
78722
78748
78832
78904
79000
79069
79165
79229
79337
79362
79368
79494
79496
79498
79515
79524
79572
79644
79734
79740
79803
79828
79875
79959
80035
80055
80127
80187
80259
80338
80428
80472
80556
80584
80616
80624
80626
80628
80630
80632
80634
80636
80638
80640
80688
80690
80696
80708
80774
80792
80849
80889
80891
80903
80967
81030
81078
81136
81172
81268
81338
81425
81516
81564
81670
81742
81790
81901
81954
82122
82233
82311
82383
82485
82569
82801
82891
83055
83146
83245
83307
83444
83483
83499
83507
83516
83530
83570
83615
83687
83759
83849
83902
83959
84091
84106
84139
84253
84301
84359
84387
84465
84471
84513
84569
84594
84596
84638
84652
84685
84756
84777
84789
84801
84828
84912
84925
85001
85031
85103
85188
85194
85226
85298
85374
85489
85513
85555
85625
85726
85767
85785
85793
85803
85851
85887
85940
86012
86129
86225
86285
86333
86372
86389
86442
86444
86492
86579
86621
86623
86641
86685
86757
86841
86908
87059
87102
87169
87228
87414
87510
87540
87544
87588
87666
87705
87780
87814
87877
88002
88060
88078
88082
88084
88116
88144
88277
88373
88421
88465
88486
88503
88526
88563
88595
88644
88658
88700
88706
88740
88788
88808
88832
88910
88912
88978
89076
89172
89200
89305
89353
89418
89466
89494
89531
89567
89595
89599
89601
89643
89655
89685
89733
89781
89823
89842
89850
89874
89922
90045
90115
90172
90209
90261
90287
90317
90337
90413
90497
90579
90629
90721
90739
90925
90973
91129
91228
91348
91432
91526
91672
91785
91881
91984
92080
92319
92414
92510
92654
92743
92854
92926
93034
93130
93238
93343
93468
93587
93659
93731
93851
93917
94053
94173
94243
94347
94479
94575
94689
94797
94881
94953
95073
95145
95333
95337
95385
95481
95553
95625
95763
95769
95880
95898
96042
96121
96124
96301
96481
96590
96840
97090
97286
97364
97473
97723
97804
98008
98245
98461
98624
98684
98828
98905
99155
99237
99288
99348
99407
99475
99539
99635
99707
99833
99845
99965
100157
100262
100370
100422
100560
100635
100755
100803
100923
100983
101127
101271
101304
101382
101400
101496
101648
101762
101942
102056
102146
102290
102407
102572
102668
102827
103015
103087
103155
103405
103435
103507
103675
103855
104047
104297
104547
104647
104791
104937
105026
105161
105231
105353
105470
105590
105669
105846
105924
106076
106208
106312
106372
106508
106671
106791
106907
107048
107120
107240
107432
107682
107932
108182
108432
108605
108812
109039
109128
109326
109542
109740
109805
110009
110129
110189
110316
110411
110551
110599
110671
110719
110881
110906
110914
110926
111035
111079
111149
111398
111414
111416
111418
111420
111422
111430
111432
111434
111582
111667
111739
111835
111898
111950
111955
111975
112002
112011
112145
112297
112321
112537
112689
112802
113029
113227
113477
113522
113594
113678
113746
113750
113764
113766
113776
113918
114086
114290
114317
114408
114440
114462
114464
114476
114521
114603
114623
114627
114756
114915
115165
115173
115221
115437
115653
115711
115773
115863
116052
116302
116436
116662
116770
116849
116993
117113
117148
117186
117306
117426
117522
117569
117584
117586
117601
117621
117693
117813
118011
118029
118039
118107
118251
118371
118491
118551
118747
118800
118827
118947
119043
119155
119300
119403
119511
119553
119664
119736
119808
119832
119916
119940
120048
120102
120204
120209
120223
120239
120252
120323
120467
120575
120671
120845
120901
120985
121001
121003
121007
121009
121013
121017
121019
121025
121027
121029
121031
121033
121041
121045
121051
121053
121055
121065
121069
121077
121079
121081
121083
121087
121099
121103
121107
121111
121113
121115
121117
121119
121121
121123
121125
121127
121129
121143
121167
121216
121338
121365
121381
121383
121385
121387
121389
121399
121416
121426
121440
121465
121480
121483
121491
121506
121510
121514
121518
121522
121529
121534
121536
121540
121554
121556
121560
121562
121570
121576
121624
121645
121651
121678
121708
121753
121813
121816
121934
121955
122033
122117
122189
122198
122203
122210
122214
122238
122283
122317
122366
122408
122590
122662
122687
122712
122736
122760
122767
122861
122911
123040
123125
123161
123274
123426
123463
123482
123487
123490
123586
123826
124076
124114
124354
124498
124594
124844
124930
125179
125242
125464
125548
125641
125788
126010
126124
126266
126326
126395
126415
126643
126846
126909
127053
127197
127293
127526
127643
127701
127845
127926
128141
128303
128471
128586
128654
128779
128851
128964
129048
129189
129429
129455
129551
129647
129723
129819
130023
130101
130222
130297
130390
130510
130606
130726
130823
130883
130955
131032
131129
131297
131441
131537
131787
131801
131993
132243
132473
132593
132665
132773
132869
132934
133102
133162
133210
133319
133419
133563
133773
133817
133901
134069
134285
134451
134491
134539
134636
134692
134831
135011
135261
135299
135329
135337
135340
135398
135470
135662
135824
135924
135984
136176
136335
136431
136586
136654
136702
136871
136919
137063
137111
137135
137177
137411
137525
137726
137742
137838
138066
138162
138348
138552
138618
138693
138783
138855
138903
138976
139033
139173
139230
139410
139506
139662
139818
139890
140119
140237
140281
140461
140653
140725
140869
140969
141083
141166
141326
141412
141478
141527
141551
141599
141695
141828
141996
142116
142164
142274
142334
142406
142478
142532
142556
142622
142648
142674
142676
142709
142728
142772
142811
142890
142948
142964
143151
143205
143268
143381
143417
143473
143521
143584
143736
143784
143820
143904
143988
144132
144210
144348
144433
144538
144594
144636
144846
144918
145107
145233
145425
145497
145565
145668
145736
145796
145898
146042
146126
146282
146402
146606
146702
146822
146954
147098
147185
147294
147438
147474
147606
147654
147736
147787
147859
147967
148021
148095
148335
148498
148613
148685
148853
148901
148949
149045
149117
149345
149405
149525
149609
149675
149723
149792
149924
150104
150164
150212
150284
150332
150387
150459
150507
150572
150632
150692
150772
150880
150940
150974
151129
151192
151336
151516
151603
151699
151831
151875
151926
152040
152172
152286
152394
152442
152592
152628
152724
152796
152844
152902
152919
152922
152950
152954
152964
152966
152978
153089
153137
153274
153401
153497
153599
153849
153911
154007
154050
154121
154157
154190
154232
154256
154274
154276
154278
154280
154337
154385
154469
154513
154561
154642
154657
154685
154703
154707
154806
154902
154926
155010
155073
155079
155253
155299
155407
155515
155620
155629
155673
155871
156003
156099
156124
156160
156272
156371
156439
156495
156500
156511
156517
156519
156522
156526
156618
156690
156731
156801
156861
156873
156945
157017
157131
157251
157335
157444
157462
157464
157528
157600
157672
157720
157739
157780
157816
157912
158056
158128
158178
158187
158245
158318
158446
158536
158616
158720
158840
159051
159095
159137
159203
159215
159218
159221
159224
159272
159284
159378
159458
159541
159617
159677
159690
159762
159818
160007
160112
160145
160155
160208
160458
160481
160538
160596
160668
160716
160769
160775
160781
160783
160787
160793
160823
160957
161083
161107
161123
161128
161130
161176
161280
161381
161418
161474
161600
161741
161991
162093
162237
162328
162578
162736
162944
162952
163194
163444
163599
163822
164046
164228
164478
164510
164647
164707
164923
164995
165079
165223
165283
165386
165594
165625
165668
165756
165800
165821
165823
165833
165875
165935
165966
165976
166020
166050
166062
166089
166122
166158
166230
166345
166441
166549
166631
166661
166733
166781
166901
166976
166997
167015
167039
167147
167189
167219
167327
167354
167378
167408
167435
167519
167660
167711
167758
167766
167853
167862
167937
167973
167982
168057
168204
168276
168357
168384
168462
168480
168576
168720
168960
169028
169148
169220
169347
169491
169641
169683
169933
170163
170403
170607
170775
170871
171057
171201
171379
171493
171586
171649
171775
172015
172231
172327
172400
172495
172639
172831
172918
173074
173146
173290
173381
173465
173513
173633
173883
174049
174109
174262
174269
174277
174362
174565
174745
174995
175245
175495
175745
175995
176245
176495
176745
176995
177245
177495
177745
177995
178245
178495
178745
178995
