0
144
168
172
176
180
184
248
280
336
384
568
576
584
596
600
604
684
752
836
920
940
968
988
1152
1156
1160
1164
1168
1176
1188
1194
1200
1202
1218
1228
1230
1232
1376
1416
1420
1424
1428
1432
1440
1464
1488
1524
1620
1644
1732
1792
1852
1928
1932
1936
1940
1944
1996
2060
2116
2148
2152
2172
2292
2312
2332
2416
2644
2884
3124
3184
3248
3344
3364
3428
3496
3564
3596
3696
3804
3808
3812
3816
3820
3824
3828
3884
3908
3948
4188
4200
4204
4208
4212
4220
4268
4300
4304
4308
4312
4316
4320
4400
4468
4544
4784
4792
4816
4876
5072
5124
5160
5224
5252
5460
5540
5544
5732
5736
5844
6084
6144
6148
6152
6156
6160
6164
6168
6172
6176
6194
6196
6198
6200
6208
6212
6216
6218
6220
6222
6224
6226
6228
6232
6244
6278
6280
6282
6284
6286
6288
6290
6292
6294
6296
6298
6520
6600
6656
6752
6768
6864
6868
6872
6876
6880
6884
6888
6936
6996
7044
7084
7112
7124
7144
7348
7368
7416
7600
7704
7740
7768
7848
7892
7948
7996
8032
8160
8360
8464
8504
8612
8640
8692
8764
8824
8900
9080
9112
9352
9404
9468
9516
9528
9564
9716
9748
9764
9772
9804
9880
9940
10076
10272
10276
10280
10284
10288
10292
10300
10328
10372
10432
10496
10520
10536
10664
10700
10752
10768
10912
10968
10992
11092
11162
11292
11376
11476
11520
11612
11652
11656
11660
11664
11668
11696
11768
11864
11968
12120
12184
12220
12332
12396
12532
12644
12772
12800
12812
12860
13004
13096
13164
13264
13268
13272
13276
13280
13388
13404
13436
13492
13516
13708
13860
13912
13972
14100
14152
14356
14440
14656
14704
14856
14900
14928
14988
15112
15294
15324
15474
15484
15548
15618
15740
15744
15748
15752
15756
15760
15768
15772
15776
15780
15784
15788
15908
15988
16048
16266
16396
16400
16404
16416
16420
16532
16676
16704
16752
16992
17008
17056
17204
17252
17276
17368
17444
17480
17512
17532
17560
17716
17752
17772
17832
17872
17936
18032
18056
18156
18304
18394
18396
18512
18648
18684
18736
18792
18864
18976
19056
19204
19240
19320
19384
19444
19496
19566
19616
19656
19792
19832
19948
20012
20084
20124
20132
20136
20140
20144
20156
20160
20182
20194
20220
20376
20388
20628
20676
20680
20684
20688
20692
20696
20848
20888
20964
21024
21132
21252
21342
21536
21588
21608
21652
21802
21940
21996
22052
22088
22116
22184
22424
22530
22608
22664
22736
22764
22792
22808
22852
22864
22868
22872
22876
22880
22888
22892
23036
23042
23044
23046
23048
23050
23100
23104
23108
23112
23116
23120
23188
23328
23380
23416
23540
23656
23740
23820
23876
24008
24120
24292
24368
24608
24644
24672
24864
24868
24872
24912
24916
24920
24924
24928
24932
24980
25120
25240
25392
25436
25492
25524
25552
25584
25620
25860
25924
26000
26240
26372
26584
26620
26668
26724
26888
26936
26984
27032
27048
27216
27364
27456
27468
27472
27476
27480
27484
27488
27572
27576
27580
27600
27604
27608
27612
27660
27732
27916
27944
27948
27952
27956
27960
28044
28192
28196
28200
28204
28208
28212
28216
28236
28248
28300
28516
28520
28524
28528
28532
28536
28540
28544
28568
28572
28576
28580
28584
28588
28828
29010
29048
29164
29324
29428
29464
29572
29748
29796
29864
29976
30008
30080
30184
30216
30232
30268
30412
30476
30524
30536
30544
30548
30632
30779
30824
30872
31000
31040
31144
31208
31244
31248
31252
31256
31260
31264
31268
31272
31403
31452
31581
31628
31632
31636
31640
31644
31648
31800
31804
31808
31812
31816
31820
31824
31828
31832
31836
31838
31868
32016
32108
32252
32356
32416
32524
32596
32624
32640
32752
32872
33112
33232
33316
33420
33452
33692
33756
33840
33896
33916
34090
34180
34284
34332
34420
34472
34500
34528
34564
34616
34668
34908
34912
35044
35064
35148
35152
35156
35160
35164
35168
35176
35180
35184
35188
35192
35196
35200
35248
35320
35376
35560
35731
35824
35896
35928
36024
36052
36112
36160
36168
36172
36176
36180
36184
36188
36200
36224
36288
36340
36396
36480
36624
36672
36752
36832
36892
36952
37072
37196
37292
37320
37364
37464
37468
37472
37476
37484
37504
37548
37616
37732
37816
37876
37900
37928
37960
37984
38024
38060
38072
38084
38120
38279
38300
38340
38360
38424
38488
38560
38592
38668
38732
38752
38796
38812
38824
38948
39020
39088
39176
39212
39401
39416
39420
39424
39428
39432
39436
39440
39464
39468
39472
39476
39480
39484
39588
39648
39684
39708
39784
39932
40172
40240
40324
40372
40454
40516
40548
40564
40602
40704
40744
40794
40816
40864
40932
41112
41164
41240
41292
41308
41428
41452
41536
41620
41748
41860
42060
42180
42240
42280
42449
42464
42596
42648
42752
42964
43171
43264
43504
43520
43544
43608
43632
43788
43868
43988
43992
43996
44000
44004
44008
44112
44116
44120
44122
44132
44196
44236
44469
44712
44764
44876
44888
44916
45064
45148
45248
45368
45428
45524
45528
45532
45536
45540
45544
45548
45564
45628
45848
45936
46080
46168
46264
46360
46434
46442
46444
46448
46500
46740
46744
46792
46900
46904
46908
46912
46916
46920
46924
46980
47032
47112
47124
47144
47148
47152
47156
47268
47272
47276
47280
47284
47376
47416
47492
47624
47640
47644
47648
47652
47704
47820
47924
47960
48068
48176
48308
48336
48432
48484
48656
48736
48792
48824
48876
48908
48944
48952
48956
48960
48976
49036
49080
49128
49188
49272
49312
49360
49468
49472
49476
49480
49484
49488
49540
49620
49684
49720
49840
49916
49932
49992
50040
50104
50152
50288
50364
50436
50480
50496
50552
50580
50608
50648
50692
50832
50940
50960
51008
51032
51040
51060
51116
51124
51140
51268
51272
51292
51332
51372
51520
51652
51676
51874
51932
51968
52044
52102
52200
52336
52364
52396
52601
52648
52716
52772
52924
53012
53060
53108
53136
53180
53355
53596
53836
53884
53888
53904
54020
54108
54164
54220
54280
54520
54700
54904
55012
55204
55372
55436
55508
55584
55656
55740
55904
56000
56084
56124
56180
56276
56348
56376
56412
56540
56612
56620
56624
56768
56832
56908
56928
57068
57072
57076
57080
57084
57088
57152
57334
57489
57612
57692
57696
57700
57704
57708
57712
57716
57720
57724
57728
57732
57736
57768
57772
57776
57780
57784
57788
57792
57796
57800
57804
57808
57856
57928
57940
58016
58072
58156
58328
58400
58408
58504
58564
58568
58572
58584
58588
58592
58612
58696
58716
58732
58736
58744
58884
58932
59020
59056
59060
59064
59068
59072
59076
59080
59084
59174
59176
59178
59180
59204
59208
59212
59216
59220
59348
59376
59396
59404
59544
59660
59780
59864
59912
59972
60024
60048
60188
60428
60456
60528
60564
60604
60772
60780
60784
60820
60856
60908
61136
61176
61260
61324
61356
61416
61496
61580
61616
61728
61756
61820
61836
61848
61864
61876
61888
61992
62060
62080
62304
62364
62460
62496
62572
62580
62700
62780
62828
62876
62940
63008
63044
63124
63128
63132
63136
63138
63140
63142
63164
63196
63244
63284
63324
63388
63396
63412
63652
63660
63684
63804
63808
63812
63952
64076
64084
64096
64112
64148
64160
64172
64188
64192
64252
64256
64260
64264
64268
64272
64276
64304
64348
64368
64392
64444
64480
64488
64516
64648
64668
64676
64700
64768
64792
65004
65100
65168
65268
65344
65532
65536
65592
65624
65708
65772
65872
65960
66042
66068
66104
66112
66120
66124
66128
66132
66136
66140
66144
66308
66352
66396
66484
66544
66570
66660
66704
66784
67024
67060
67064
67066
67070
67072
67074
67084
67086
67088
67094
67098
67100
67102
67148
67188
67236
67280
67324
67368
67384
67388
67392
67400
67404
67420
67424
67460
67480
67492
67536
67556
67560
67580
67642
67708
67772
67796
67816
67912
67966
67968
67970
67972
67976
67978
67980
67982
67984
67986
67996
68040
68084
68120
68124
68128
68132
68136
68140
68144
68148
68152
68156
68160
68164
68168
68170
68172
68174
68204
68206
68214
68264
68292
68344
68388
68436
68456
68460
68464
68468
68472
68476
68480
68484
68492
68496
68498
68584
68588
68592
68596
68600
68604
68680
68684
68688
68692
68760
68764
68768
68772
68776
68780
68784
68788
68792
68796
68800
69032
69036
69040
69044
69048
69052
69056
69156
69188
69190
69192
69194
69218
69254
69284
69304
69308
69312
69316
69320
69324
69328
69332
69336
69380
69428
69432
69436
69440
69448
69452
69456
69460
69468
69472
69476
69484
69488
69492
69496
69504
69520
69532
69612
69632
69636
69640
69644
69668
69672
69676
69678
69680
69682
69692
69736
69756
69804
69820
69824
69848
69850
69854
69856
69858
69860
69870
69872
69874
69900
69924
69936
69948
69952
69956
69960
69964
69986
70016
70028
70044
70064
70084
70100
70128
70144
70148
70160
70164
70172
70176
70180
70184
70192
70196
70200
70204
70220
70224
70236
70304
70336
70356
70362
70368
70390
70392
70396
70432
70436
70440
70444
70476
70492
70508
70512
70516
70520
70524
70528
70536
70540
70544
70548
70552
70556
70560
70562
70564
70566
70568
70570
70572
70574
70576
70578
70580
70582
70584
70628
70640
70660
70676
70712
70728
70744
70748
70752
70756
70784
70804
70828
70834
70836
70840
70844
70854
70864
70866
70868
70872
70876
70880
70884
70888
70892
70896
70900
70904
70908
71008
71020
71026
71036
71088
71092
71096
71104
71138
71184
71196
71200
71204
71208
71212
71216
71256
71268
71296
71300
71304
71308
71548
71780
71824
71860
71912
71916
71942
72076
72080
72082
72084
72086
72274
72516
72756
72996
73236
73476
73716
73956
74196
74436
74676
74916
75156
75396
75636
75876
76030
