0
250
500
749
998
1021
1141
1357
1549
1681
1753
1897
2005
2125
2281
2531
2545
2617
2713
2833
2869
3013
3133
3383
3469
3719
3745
3781
3829
3877
4021
4271
4345
4549
4669
4761
4881
5131
5157
5295
5353
5373
5409
5522
5772
6022
6024
6168
6204
6240
6348
6420
6670
6701
6832
6913
7000
7129
7379
7628
7632
7878
7992
8068
8140
8169
8397
8529
8649
8733
8853
9103
9275
9523
9591
9675
9747
9843
10093
10187
10343
10439
10551
10647
10707
10909
11085
11103
11115
11259
11313
11415
11487
11595
11687
11759
11915
12012
12262
12324
12420
12492
12540
12648
12744
12783
12847
12887
12963
13213
13411
13477
13513
13704
13788
13860
14004
14124
14148
14370
14418
14543
14568
14815
14848
14879
14911
14935
14951
15023
15083
15307
15369
15430
15522
15533
15544
15555
15640
15676
15810
15836
15905
15999
16195
16247
16302
16530
16688
16744
16804
16830
16861
16897
16992
17038
17108
17156
17204
17276
17330
17389
17445
17513
17763
17792
17841
17961
18037
18098
18146
18251
18407
18479
18729
18900
18996
19230
19480
19598
19848
19904
20048
20144
20232
20388
20427
20448
20628
20820
20906
21114
21138
21207
21357
21441
21691
21941
22190
22243
22297
22547
22701
22951
23036
23120
23156
23348
23499
23749
23835
23967
24217
24378
24459
24542
24732
24973
25223
25356
25452
25553
25605
25785
25833
26083
26109
26169
26419
26553
26612
26732
26828
27008
27058
27088
27148
27398
27410
27588
27608
27788
27920
27992
28136
28232
28352
28460
28508
28714
28810
28882
29002
29146
29218
29458
29566
29816
30058
30250
30358
30577
30650
30900
30938
31188
31230
31374
31470
31542
31662
31734
31866
31938
32170
32230
32480
32602
32656
32704
32954
33148
33343
33385
33517
33557
33619
33709
33841
33901
33997
34201
34321
34417
34568
34740
34846
34942
35038
35074
35211
35307
35556
35656
35713
35769
35937
36187
36392
36440
36584
36704
36800
36856
36860
37106
37220
37292
37487
37532
37714
37752
37800
37872
37886
37901
37993
38101
38233
38345
38489
38633
38765
38969
39053
39149
39399
39476
39644
39740
39990
40016
40102
40198
40366
40414
40534
40714
40882
41062
41170
41252
41288
41537
41567
41711
41961
42093
42147
42184
42352
42520
42664
42784
42904
43024
43144
43192
43276
43396
43492
43648
43768
43936
44140
44261
44477
44633
44865
44949
45199
45449
45501
45549
45665
45713
45833
45989
46073
46193
46442
46493
46625
46649
46877
46937
47057
47297
47546
47659
47753
47818
47918
47952
48024
48088
48155
48287
48411
48471
48531
48699
48811
48871
49003
49071
49131
49191
49239
49371
49443
49515
49599
49707
49859
49967
50217
50233
50413
50533
50632
50882
51052
51220
51292
51400
51582
51714
51930
52134
52230
52470
52720
52970
53070
53094
53344
53346
53594
53706
53956
54003
54074
54179
54311
54371
54407
54505
54739
54797
54803
54892
55094
55343
55552
55728
55800
55948
56085
56119
56231
56293
56348
56597
56628
56742
56890
57140
57168
57242
57293
57359
57493
57505
57567
57639
57735
57985
58079
58162
58317
58567
58817
58820
58881
58942
58988
59032
59061
59097
59169
59319
59569
59571
59631
59692
59740
59818
59880
59943
60012
60125
60187
60262
60346
60410
60494
60572
60822
61072
61322
61572
61822
62072
62322
62572
62822
63072
63322
63572
63822
64072
64321
64546
64659
64779
65029
65114
65234
65274
65346
65442
65688
65732
65840
65966
65985
66216
