0
166
263
362
375
612
743
827
999
1152
1272
1404
1608
1691
1859
1993
2165
2232
2311
2395
2496
2598
2690
2754
2839
2921
3002
3098
3212
3286
3348
3452
3519
3600
3680
3752
3846
3924
3969
4041
4102
4176
4274
4348
4390
4532
4569
4648
4711
4786
4849
4919
4976
5006
5035
5094
5129
5213
5334
5501
5623
5713
5796
5872
5986
6061
6181
6307
6396
6519
6606
6729
6969
7044
7208
7252
7381
7531
7646
7711
7765
7829
7875
7951
8093
8176
8225
8285
8405
8549
8641
8698
8782
8860
8935
9012
9204
9372
9543
9657
9777
9837
9897
9969
10164
10291
10350
10501
10751
10935
10976
10990
11086
11179
11199
11203
11206
11411
11557
11665
11697
11781
11812
11878
11930
11974
12058
12109
12219
12310
12424
12482
12514
12632
12812
12962
13103
13238
13406
13449
13518
13620
13695
13767
13870
13928
14002
14110
14263
14405
14491
14633
14790
14930
15028
15199
15274
15370
15441
15484
15628
15726
15841
15949
16045
16179
16299
16388
16484
16586
16622
16694
16748
16826
16998
17094
17168
17244
17409
17553
17589
17802
17996
18079
18217
18373
18526
18622
18774
18816
18918
19015
19111
19294
19423
19533
19700
19777
19996
20155
20267
20354
20446
20460
20476
20494
20511
20559
20670
20724
20835
20905
20983
21039
21069
21213
21317
21418
21668
21778
21922
22069
22239
22359
22561
22627
22697
22733
22773
22806
22848
22896
22956
23003
23068
23114
23168
23240
23338
23422
23474
23660
23852
24096
24219
24292
24388
24444
24475
24515
24606
24690
24773
24871
24984
25014
25182
25300
25411
25492
25670
25799
25914
26105
26123
26309
26407
26521
26595
26681
26773
26871
26926
27068
27138
27196
27216
27266
27407
27454
27601
27694
27805
28000
28144
28216
28272
28363
28493
28584
28656
28822
28950
28998
29054
29124
29183
29259
29509
29619
29747
29837
29924
30022
30068
30094
30096
30134
30166
30188
30192
30234
30370
30483
30562
30648
30736
30826
30873
30922
31025
31088
31167
31305
31417
31504
31624
31717
31861
32111
32296
32351
32545
32579
32614
32677
32782
32827
32941
32988
33238
33324
33490
33596
33688
33727
33767
33863
33935
34022
34082
34134
34212
34259
34277
34310
34390
34458
34580
34640
34773
34868
34952
35159
35309
35477
35576
35666
35744
35963
36061
36212
36356
36440
36514
36595
36711
36822
36953
37024
37228
37372
37444
37538
37610
37778
37916
38049
38246
38496
38510
38746
38777
38973
39047
39129
39175
39219
39359
39609
39729
39927
40177
40215
40307
40347
40414
40474
40705
40804
40912
41162
41190
41352
41486
41577
41765
41879
41999
42092
42188
42326
42422
42578
42722
42860
42944
42992
43124
43244
43312
43541
43661
43759
43880
43945
43971
44014
44062
44120
44177
44210
44247
44407
44454
44574
44698
44784
44942
45192
45224
45368
45536
45633
45741
45847
45965
46095
46287
46395
46488
46528
46624
46729
46761
46847
46954
47046
47089
47199
47358
47420
47670
47732
47828
47972
48011
48133
48283
48405
48543
48591
48716
48837
48905
48986
49236
49293
49444
49600
49850
49870
49956
50036
50109
50172
50189
50201
50225
50229
50243
50285
50447
50543
50714
50810
51046
51132
51330
51580
51789
51881
52013
52069
52126
52222
52360
52610
52696
52876
53038
53218
53436
53563
53801
53860
53968
54124
54374
54412
54532
54628
54724
54826
54913
55009
55126
55195
55277
55362
55436
55521
55605
55677
55797
55836
55886
55914
55951
55999
56047
56077
56112
56137
56197
56231
56258
56333
56451
56544
56616
56722
56866
56986
57060
57113
57165
57201
57273
57353
57387
57431
57466
57533
57616
57682
57725
57772
57834
57924
57990
58084
58204
58270
58460
58556
58652
58751
59001
59039
59207
59327
59499
59531
59735
59755
59803
59923
60067
60270
60363
60551
60713
60842
61092
61217
61370
61466
61538
61610
61706
61754
61828
61951
62056
62128
62248
62302
62374
62602
62788
63004
63142
63392
63499
63747
63846
63894
64144
64394
64508
64676
64872
64992
65048
65168
65258
65402
65558
65808
66054
66216
66408
66531
66639
66762
66856
67040
67128
67245
67425
67569
67662
67685
67859
68109
68156
68261
68511
68735
68879
68969
69119
69262
69382
69492
69594
69613
69705
69789
69912
69984
70161
70281
70496
70577
70617
70865
70951
71071
71203
71414
71518
71640
71740
71980
72222
72329
72579
72711
72915
72987
73109
73359
73609
73646
73896
74015
74171
74341
74456
74642
74836
74998
75180
75243
75339
75512
75562
75595
75642
75738
75795
75887
76007
76112
76153
76235
76427
76534
76684
76756
76834
76876
76920
77024
77120
77187
77293
77421
77565
77652
77736
77922
78172
78422
78624
78720
78792
78912
79006
79099
79162
79276
79352
79497
79545
79585
79714
79827
79923
80005
80120
80172
80230
80326
80401
80463
80586
80706
80802
80961
81177
81345
81420
81534
81593
81761
81843
82071
82104
82317
82440
82626
82863
82890
83010
83211
83307
83387
83533
83720
83776
83920
84019
84169
84388
84638
84688
84808
84919
85093
85261
85345
85467
85717
85749
85965
86073
86193
86313
86421
86541
86643
86893
87027
87123
87195
87303
87411
87504
87602
87688
87793
87839
87883
87945
87995
88109
88202
88304
88394
88502
88594
88684
88780
88861
89020
89050
89093
89169
89241
89271
89308
89410
89487
89561
89651
89749
89871
89969
90091
90341
90463
90559
90660
90791
90932
91077
91296
91458
91626
91750
91846
92038
92125
92172
92206
92251
92337
92423
92661
92793
92891
93038
93167
93283
93421
93521
93662
93736
93798
93902
93968
94054
94127
94189
94243
94326
94433
94666
94700
94724
94738
94787
94845
94899
94991
95104
95124
95218
95302
95552
95586
95708
95791
96041
96061
96145
96274
96524
96570
96682
96767
96845
96965
97151
97214
97245
97297
97347
97385
97437
97496
97640
97890
97973
98057
98195
98291
98531
98660
98726
98828
98987
99145
99395
99433
99532
99563
99649
99736
99836
99989
100220
100418
100572
100707
100861
100907
101028
101166
101228
101425
101500
101572
101678
101753
101849
102003
102116
102220
102291
102419
102669
102803
102911
103031
103280
103300
103358
103410
103554
103636
103752
103836
103902
104124
104174
104340
104396
104518
104768
104865
105093
105150
105214
105457
105707
105773
105869
106086
106147
106255
106432
106547
106797
106996
107104
107354
107484
107724
107808
108058
108180
108250
108288
108426
108485
108575
108821
108917
109167
109265
109424
109574
109712
109846
109923
110061
110157
110294
110492
110710
110878
110941
111079
111329
111355
111433
111524
111718
111778
111952
112067
112145
112395
112645
112665
112773
112881
112986
113082
113214
113403
113547
113629
113747
113803
113862
114015
114109
114187
114263
114297
114368
114408
114447
114481
114507
114565
114589
114643
114717
114776
114909
114940
115095
115164
115321
115426
115502
115575
115660
115762
115832
115894
115966
116023
116261
116358
116482
116555
116613
116678
116837
116912
117006
117189
117225
117246
117291
117365
117511
117552
117619
117660
117752
117807
117824
117908
118041
118228
118309
118423
118525
118603
118699
118762
118879
118999
119119
119239
119329
119383
119633
119689
119914
120006
120057
120225
120279
120345
120513
120567
120759
120843
120951
121035
121116
121268
121442
121556
121667
121877
121931
122087
122183
122432
122624
122699
122929
123013
123151
123259
123457
123556
123733
123827
123957
124207
124329
124377
124539
124623
124722
124930
124994
125032
125158
125212
125272
125346
125529
125685
125837
125943
126034
126130
126198
126414
126651
126678
126774
126930
127070
127268
127376
127496
127649
127742
127849
127919
128108
128276
128336
128468
128651
128807
128951
129037
129229
129333
129441
129557
129598
129700
129832
130024
130108
130196
130289
130349
130539
130779
130911
130971
131011
131109
131301
131484
131734
131853
131922
132014
132128
132260
132326
132405
132633
132765
132885
132957
133048
133204
133291
133384
133470
133542
133578
133638
133698
133732
133818
133883
134036
134095
134179
134318
134358
134383
134429
134486
134555
134805
134861
135027
135062
135173
135278
135410
135660
135710
135773
136023
136130
136380
136478
136728
136978
137054
137156
137261
137460
137520
137592
137736
137784
137832
137958
138006
138093
138258
138381
138489
138573
138639
138843
138909
138983
139057
139147
139223
139313
139380
139479
139551
139610
139706
139775
139847
139943
140039
140177
140285
140405
140633
140681
140909
140993
141185
141245
141372
141603
141701
141809
141991
142241
142381
142501
142609
142801
142937
142998
143106
143354
143461
143703
143805
143949
144081
144183
144274
144373
144470
144587
144701
144923
144934
145019
145165
145231
145303
145381
145387
145464
145504
145607
145642
145693
145815
145989
146210
146289
146406
146550
146619
146681
146834
147029
147278
147400
147574
147748
147907
148114
148192
148324
148453
148537
148636
148705
148774
149024
149188
149332
149410
149660
149910
150160
150181
150406
150656
150675
150763
150806
150899
151019
151112
151212
151326
151458
151708
151839
151903
152153
152233
152483
152509
152583
152803
153053
153088
153139
153187
153262
153424
153495
153565
153685
153935
154021
154103
154241
154367
154617
154867
154895
155039
155207
155457
155516
155564
155720
155840
155891
156141
156203
156323
156467
156717
156731
156967
157153
157207
157255
157505
157561
157630
157822
157843
157960
158072
158216
158444
158516
158654
158699
158915
159165
159392
159438
159514
159600
159790
159949
160030
160112
160328
160448
160676
160814
160934
161135
161303
161459
161511
161537
161637
161853
162081
162219
162405
162655
162711
162860
162944
163028
163278
163331
163451
163538
163610
163860
164003
164228
164478
164549
164799
164874
164994
165131
165275
165467
165665
165884
165992
166124
166280
166523
166637
166781
166845
166936
166982
167050
167099
167171
167237
167305
167412
167469
167569
167698
167770
167920
167980
168014
168264
168297
168353
168497
168594
168738
168922
169000
169050
169080
169114
169134
169258
169368
169532
169618
169808
169868
170012
170262
170408
170576
170648
170712
170832
170916
171012
171262
171338
171372
171622
171744
171994
172176
172332
172582
172668
172918
172971
173221
173471
173568
173639
173714
173789
173861
173921
174005
174077
174269
174437
174687
174809
174872
175010
175108
175219
175339
175413
175485
175545
175621
175669
175727
175771
175801
175835
176033
176225
176339
176589
176793
177018
177268
177518
177768
178018
178268
178518
178768
179018
179268
179518
179768
180018
180268
180518
180768
181018
181268
181518
181768
