0
250
500
654
798
966
1140
1171
1291
1459
1511
1583
1643
1763
1867
1985
2045
2128
2176
2284
2452
2636
2732
2768
2816
2984
3084
3227
3304
3364
3424
3460
3676
3920
4028
4181
4373
4505
4755
4899
5149
5399
5649
5899
5995
6119
6369
6524
6692
6942
6980
7138
7174
7246
7384
7414
7450
7486
7632
7710
7751
7847
7946
8018
8222
8472
8694
8742
8784
8936
9005
9053
9237
9381
9465
9621
9669
9789
9873
9945
10077
10149
10229
10393
10455
10508
10568
10628
10740
10800
10896
11001
11138
11289
11476
11548
11690
11810
11930
12050
12134
12384
12482
12578
12614
12648
12692
12752
12824
12860
13014
13224
13308
13428
13581
13729
13885
13957
14017
14101
14197
14293
14337
14505
14577
14621
14657
14849
14921
15017
15085
15133
15187
15271
15375
15429
15501
15561
15621
15669
15743
15815
15876
15959
16055
16103
16162
16237
16283
16316
16412
16456
16516
16657
16705
16896
16925
16951
17201
17239
17311
17419
17467
17503
17575
17825
17851
17931
17979
18058
18118
18166
18214
18262
18324
18366
18414
18450
18662
18912
18943
19063
19219
19291
19387
19431
19515
19653
19749
19863
20039
20087
20111
20147
20195
20387
20483
20543
20663
20747
20855
20930
20978
21050
21206
21350
21506
21602
21852
21914
22082
22154
22202
22370
22610
22754
22826
22874
22979
23027
23219
23297
23513
23723
23867
23911
24001
24157
24298
24418
24514
24585
24681
24801
24849
25005
25089
25293
25365
25557
25701
25749
25821
25917
25989
26109
26337
26445
26553
26625
26813
26945
26994
27202
27370
27466
27538
27622
27838
27902
28134
28230
28362
28506
28578
28828
29078
29328
29538
29586
29750
29786
30002
30134
30206
30242
30422
30506
30602
30650
30734
30794
30908
30980
31136
31184
31376
31420
31470
31720
31756
31852
31936
32020
32140
32212
32452
32596
32680
32820
32836
32932
32980
33185
33265
33349
33469
33589
33637
33817
33937
33997
34195
34411
34507
34757
34900
35016
35064
35169
35229
35289
35385
35433
35541
35757
35865
35981
36029
36077
36197
36293
36389
36509
36701
36797
37047
37061
37145
37193
37443
37589
37661
37911
38021
38117
38165
38237
38357
38417
38465
38609
38717
38967
39005
39197
39293
39425
39569
39737
39785
39881
39941
40121
40193
40313
40409
40505
40755
40990
41165
41261
41333
41368
41548
41613
41709
41745
41817
41937
42009
42117
42297
42477
42705
42861
43111
43152
43308
43470
43526
43776
43805
43889
43961
44081
44165
44213
44261
44333
44375
44625
44656
44725
44975
45225
45325
45493
45524
45668
45716
45788
45896
45992
46160
46292
46508
46580
46830
46892
46999
47215
47275
47307
47367
47487
47655
47905
48095
48155
48221
48381
48523
48583
48742
48790
48850
48870
48914
49022
49094
49224
49261
49345
49578
49686
49758
49878
50082
50154
50294
50342
50462
50522
50771
50842
50998
51247
51274
51370
51620
51870
51889
51961
52141
52177
52249
52393
52585
52633
52728
52978
53110
53254
53464
53714
53740
53989
54019
54091
54142
54175
54259
54343
54546
54618
54699
54927
55047
55131
55203
55227
55311
55440
55464
55512
55628
55709
55757
55955
56205
56355
56463
56643
56715
56895
56973
57063
57135
57207
57423
57471
57543
57729
57917
57941
58049
58121
58187
58331
58397
58536
58560
58632
58674
58710
58782
58890
58967
59084
59276
59366
59602
59674
59746
59910
60018
60090
60210
60246
60372
60444
60504
60754
60780
60900
61020
61116
61238
61430
61670
61790
61957
62207
62221
62276
62360
62552
62624
62819
62957
63125
63293
63344
63416
63440
63500
63620
63644
63680
63752
63812
63980
64052
64302
64436
64685
64934
65060
65310
65402
65444
65564
65798
66048
66152
66320
66560
66668
66740
66860
66926
66986
67130
67250
67394
67478
67596
67656
67770
67842
67938
68136
68232
68316
68364
68436
68508
68598
68730
68838
69088
69126
69234
69311
69407
69503
69753
69959
70209
70459
70537
70681
70921
71029
71195
71293
71425
71521
71691
71941
72018
72162
72282
72378
72498
72606
72780
72934
73044
73294
73392
73536
73608
73776
73944
74122
74182
74278
74528
74620
74870
74896
75064
75148
75306
75390
75570
75666
75916
76062
76242
76470
76590
76840
76895
77145
77231
77351
77551
77599
77849
78039
78231
78375
78591
78687
78915
79165
79287
79464
79635
79755
79875
79911
79971
80058
80250
80286
80504
80694
80943
81006
81078
81138
81222
81366
81426
81676
81786
81906
82110
82278
82350
82422
82458
82530
82704
82944
82980
83106
83356
83406
83556
83688
83868
84011
84161
84217
84239
84259
84299
84428
84602
84638
84710
84770
84950
85094
85344
85466
85550
85709
85769
85865
86069
86165
86284
86308
86380
86488
86632
86842
87010
87064
87094
87264
87324
87360
87432
87558
87678
87702
87774
87870
87930
88074
88146
88345
88537
88729
88765
88813
88885
89065
89137
89377
89497
89641
89701
89749
89809
89881
89965
90157
90253
90323
90419
90515
90575
90659
90695
90815
90851
90923
91079
91235
91460
91547
91691
91773
91869
91960
92008
92069
92213
92333
92429
92501
92633
92681
92700
92757
92792
92869
93013
93145
93313
93517
93637
93733
93781
93853
93957
94101
94257
94281
94365
94401
94437
94485
94545
94593
94641
94713
94761
94881
95025
95193
95325
95385
95457
95669
95717
95774
95810
96058
96182
96234
96330
96402
96477
96546
96594
96642
96714
96798
96858
96929
97179
97333
97581
97681
97765
97837
97885
97945
98017
98113
98209
98326
98362
98494
98542
98687
98792
98950
99009
99056
99128
99296
99401
99506
99564
99661
99821
99852
99900
100008
100116
100222
100294
100378
100474
100594
100678
100894
101134
101338
101434
101494
101594
101732
101876
102008
102104
102308
102380
102425
102614
102662
102782
102862
103054
103120
103228
103346
103562
103658
103908
103946
104040
104112
104280
104364
104544
104794
104858
104978
105218
105291
105325
105421
105613
105863
105997
106247
106387
106507
106603
106843
106927
107023
107107
107215
107458
107578
107746
107986
108170
108254
108314
108386
108434
108542
108662
108710
108806
108956
109028
109076
109202
109274
109358
109608
109796
109892
110092
110199
110315
110483
110723
110837
110969
111125
111173
111245
111389
111533
111593
111786
111834
111894
112002
112252
112302
112368
112452
112602
112824
113010
113106
113226
113298
113346
113596
113646
113862
114066
114316
114414
114474
114724
114831
115081
115161
115197
115269
115413
115488
115738
115821
115941
116096
116162
116330
116580
116624
116874
116972
117044
117128
117176
117421
117493
117577
117697
117865
117925
117961
118009
118129
118249
118321
118381
118501
118609
118693
118777
118849
118897
119147
119397
119533
119629
119879
120025
120217
120253
120301
120409
120481
120685
120787
120979
121075
121325
121351
121531
121735
121855
121939
122071
122277
122301
122337
122437
122497
122629
122725
122801
122867
122969
123053
123125
123221
123458
123671
123719
123743
123969
124055
124091
124149
124189
124341
124509
124605
124725
124809
124893
124955
124991
125153
125225
125465
125705
125953
125993
126077
126327
126353
126464
126560
126644
126680
126776
126812
126908
126968
127028
127220
127328
127508
127556
127712
127880
127940
127964
128188
128310
128466
128610
128732
128891
128951
129167
129359
129419
129623
129767
129851
129923
129950
129981
130021
130271
130405
130617
130701
130893
131143
131265
131505
131601
131649
131697
131793
131961
132057
132141
132333
132429
132679
132789
132861
132897
132933
132953
133067
133315
133331
133391
133439
133675
133754
133862
133970
134114
134210
134402
134546
134618
134762
134858
134918
135086
135158
135254
135374
135422
135566
135758
135940
136034
136094
136150
136305
136341
136497
136618
136741
136861
136897
137017
137089
137161
137257
137449
137653
137765
137885
137909
137957
137993
138029
138125
138245
138377
138541
138613
138709
138847
138895
139057
139129
139297
139321
139423
139543
139615
139687
139783
139988
140024
140044
140092
140164
140200
140272
140308
140558
140668
140788
140932
141163
141235
141295
141545
141641
141821
141917
142085
142121
142217
142361
142601
142793
142865
143055
143156
143288
143432
143576
143672
143792
143864
143996
144044
144188
144224
144428
144500
144620
144744
144780
144912
145116
145260
145428
145512
145584
145656
145848
146098
146197
146325
146421
146493
146601
146661
146721
146888
146996
147020
147159
147303
147426
147534
147783
147894
148062
148122
148372
148566
148662
148830
148890
148932
148992
149040
149234
149294
149414
149583
149703
149775
149847
150039
150207
150456
150555
150699
150939
151047
151083
151167
151272
151363
151459
151591
151807
151855
151915
151979
152229
152385
152457
152611
152659
152791
152935
152971
153052
153172
153250
153382
153542
153691
153740
153776
153896
154007
154079
154329
154356
154460
154484
154640
154796
154892
155084
155156
155405
155566
155614
155650
155722
155869
156055
156085
156217
156279
156375
156603
156615
156651
156783
156861
156981
157124
157309
157381
157441
157477
157669
157813
157861
157921
158161
158209
158459
158545
158641
158809
158917
159133
159271
159373
159565
159726
159795
159939
160035
160203
160453
160618
160809
160881
161001
161172
161303
161474
161576
161826
161984
162140
162390
162538
162634
162706
162874
162946
163017
163161
163362
163421
163499
163749
163999
164249
164499
164749
164999
165249
165499
165749
165999
166249
166499
166706
