0
4
184
365
395
397
399
405
407
409
411
413
415
549
673
781
905
909
1057
1161
1373
1585
1713
1861
1945
2245
2333
2461
2573
2617
2709
2797
2985
3285
3507
3509
3511
3513
3515
3517
3519
3577
3581
3585
3589
3781
3785
3929
4081
4085
4213
4481
4485
4613
4777
4917
5217
5517
5817
5845
5981
6129
6257
6385
6389
6521
6709
6723
6953
7025
7029
7117
7417
7681
7685
7833
8009
8013
8121
8245
8313
8469
8693
8781
8929
9089
9217
9329
9429
9537
9597
9669
9733
9813
10081
10133
10281
10397
10437
10555
10557
10561
10563
10579
10733
10897
11021
11025
11137
11301
11445
11529
11589
11657
11781
11849
12021
12229
12453
12545
12697
12817
12905
13025
13205
13401
13597
13713
13833
14073
14161
14325
14329
14433
14677
14695
14697
14733
14853
14929
14931
14933
14935
14937
14939
14941
14943
14945
14947
14949
14951
14953
14955
14957
14959
14961
14963
14965
14967
14969
14971
14973
14975
14977
15081
15200
15307
15559
15599
15735
15811
15931
15991
15999
16055
16067
16091
16095
16101
16139
16203
16207
16259
16261
16273
16275
16277
16279
16281
16347
16411
16503
16507
16563
16567
16615
16659
16683
16775
16779
16783
16787
16789
16791
16795
16843
16895
17127
17195
17199
17201
17259
17299
17303
17345
17407
17435
17515
17619
17683
17775
17859
17955
18079
18163
18227
18307
18367
18523
18527
18583
18651
18763
18779
18875
18891
18927
18931
18937
18939
18941
18947
18987
18989
19001
19047
19051
19171
19259
19439
19635
19763
19767
19823
20055
20175
20363
20483
20527
20647
20891
20959
21079
21295
21415
21503
21507
21807
21851
22119
22375
22503
22583
22587
22589
22739
22831
22951
23071
23203
23207
23303
23391
23627
23739
23883
23887
23941
24091
24183
24195
24219
24235
24331
24391
24451
24687
24691
24853
24999
25059
25215
25303
25435
25523
25603
25715
25895
26043
26047
26291
26471
26667
26823
26891
26995
27143
27187
27189
27427
27703
27863
27983
28115
28355
28583
28655
28791
28939
29059
29359
29399
29519
29751
29931
30023
30323
30351
30491
30715
30911
30987
31167
31323
31503
31631
31787
31791
31995
32083
32267
32271
32431
32595
32659
32763
33063
33107
33407
33467
33559
33627
33763
34031
34303
34407
34655
34759
34827
34975
35223
35283
35583
35599
35763
35855
36015
36195
36347
36497
36647
36795
36945
37095
37215
37319
37439
37679
37979
38015
38075
38195
38327
38331
38419
38523
38787
39027
39147
39291
39303
39307
39339
39371
39439
39587
39707
39751
39843
39903
40083
40119
40223
40259
40301
40339
40403
40495
40615
40683
40795
40807
40811
40813
40831
40879
40931
40951
40983
40987
41015
41131
41219
41303
41337
41443
41475
41503
41659
41731
41771
41843
41963
42011
42103
42107
42179
42271
42335
42355
42395
42401
42573
42755
42815
42907
43011
43119
43351
43411
43531
43651
43763
43835
43979
44023
44143
44231
44399
44503
44667
44899
44959
45199
45423
45427
45547
45695
45863
46059
46143
46307
46383
46499
46603
46723
47023
47031
47207
47319
47415
47627
47747
47883
47943
48087
48151
48243
48299
48319
48347
48349
48403
48415
48435
48475
48547
48663
48667
48739
48919
49047
49197
49347
49471
49591
49687
49691
49795
49875
49991
50155
50243
50335
50423
50599
50687
50691
50815
50935
51235
51475
51595
51743
51747
51835
51955
52043
52103
52215
52335
52423
52583
52587
52735
52855
52991
53215
53363
53367
53555
53643
53851
53971
54183
54443
54447
54519
54791
54939
55179
55331
55479
55719
55779
55883
55887
56155
56243
56423
56483
56549
56583
56611
56717
56799
56919
57019
57091
57137
57209
57247
57249
57319
57383
57387
57431
57475
57547
57591
57643
57763
57823
57975
58023
58047
58079
58171
58223
58275
58395
58427
58463
58467
58503
58599
58687
58691
58723
58727
58729
58779
58823
58859
58997
58999
59021
59103
59107
59133
59135
59179
59203
59211
59237
59279
59297
59299
59345
59407
59411
59439
59507
59511
59551
59631
59659
59661
59723
59787
59799
59819
59827
59831
59851
59895
59971
60151
60211
60431
60671
60827
60935
61115
61235
61339
61451
61503
61507
61731
61931
62111
62215
62319
62495
62635
62723
62727
62979
63071
63279
63355
63463
63467
63719
63959
64083
64087
64339
64431
64647
64795
64915
65023
65203
65367
65667
65967
66027
66147
66447
66687
66903
67115
67159
67391
67435
67539
67631
67719
67831
67923
68103
68179
68395
68543
68547
68751
68755
68827
68947
69067
69187
69307
69411
69531
69659
69809
69959
70151
70371
70535
70699
70851
70999
71167
71303
71379
71615
71619
71855
71975
72111
72179
72411
72547
72615
72675
72951
73003
73075
73375
73563
73651
73723
73799
73935
74063
74183
74403
74623
74803
75003
75131
75311
75423
75723
75751
75795
75799
75943
76023
76323
76351
76651
76691
76871
77051
77291
77531
77619
77739
78039
78055
78059
78131
78235
78295
78439
78535
78715
78867
78927
79059
79151
79211
79427
79471
79475
79519
79675
79679
79795
79799
79875
79879
80027
80123
80215
80335
80455
80543
80783
81071
81191
81371
81519
81627
81731
81879
82135
82255
82347
82451
82555
82659
82779
82935
83071
83219
83327
83355
83419
83427
83429
83559
83603
83643
83791
83939
83943
84055
84059
84061
84119
84123
84195
84271
84299
84355
84443
84497
84505
84507
84603
84607
84663
84799
84875
85055
85059
85115
85203
85211
85215
85255
85343
85391
85495
85499
85555
85559
85639
85681
85713
85759
85819
85935
85939
86043
86115
86119
86163
86275
86363
86423
86523
86639
86643
86699
86703
86739
86743
86759
86761
86783
86813
86835
86837
86865
86867
86883
86955
86959
86987
86991
87047
87083
87231
87391
87539
87715
87865
87955
88015
88103
88187
88255
88379
88455
88515
88575
88643
88751
88831
88891
88951
89039
89043
89099
89103
89109
89111
89251
89255
89303
89419
89663
89783
89875
89963
89973
89975
89977
89979
89981
89985
89987
89999
90001
90003
90005
90007
90009
90011
90013
90017
90071
90227
90347
90495
90499
90615
90779
90783
90819
90827
90891
90931
91015
91019
91053
91163
91299
91303
91383
91515
91519
91683
91787
91935
91939
92107
92167
92275
92279
92367
92435
92551
92687
92819
92823
92975
93147
93355
93419
93527
93659
93663
93779
93783
94083
94307
94427
94599
94699
94703
94855
94975
95035
95215
95327
95519
95671
95791
95819
95871
95963
96035
96039
96127
96263
96367
96635
96639
96831
96923
97027
97115
97119
97283
97431
97455
97507
97587
97719
97775
97935
98039
98131
98283
98343
98395
98543
98731
98823
99003
99091
99271
99371
99551
99611
99715
99895
100015
100167
100347
100523
100615
100619
100707
101007
101307
101395
101399
101699
101815
101819
101995
101999
102299
102371
102523
102643
102763
102911
102967
102979
102981
103071
103163
103283
103435
103553
103663
103751
103947
103995
104059
104187
104247
104427
104667
104743
104983
105079
105083
105095
105099
105139
105231
105287
105395
105515
105519
105567
105651
105723
105799
105851
105895
105975
106019
106041
106081
106123
106195
106315
106375
106435
106475
106523
106527
106675
106755
106907
106995
107065
107155
107159
107227
107365
107373
107393
107443
107627
107731
108031
108295
108547
108787
108899
109191
109311
109431
109611
109703
109791
109867
110091
110243
110373
110375
110377
110379
110381
110383
110385
110387
110389
110391
110443
110445
110447
110449
110451
110453
110463
110715
110851
110939
111055
111059
111191
111311
111403
111515
111619
111771
111813
111903
111963
112143
112235
112311
112475
112775
112837
112907
113063
113183
113483
113575
113755
113995
114295
114383
114535
114835
114895
115195
115299
115359
115659
115691
115931
116139
116271
116335
116531
116707
116827
116887
117023
117323
117411
117635
117639
117823
118003
118183
118375
118379
118555
118647
118813
118973
118977
118979
119071
119191
119275
119279
119579
119635
119639
119763
119899
120035
120335
120347
120479
120483
120691
120931
121059
121135
121255
121343
121447
121667
121967
122059
122163
122363
122507
122807
122835
123135
123239
123299
123303
123359
123659
123735
123839
124019
124199
124415
124635
124755
124883
125155
125319
125423
125603
125875
126007
126247
126339
126427
126579
126691
126759
126763
126957
127151
127211
127331
127423
127571
127735
127839
128035
128075
128255
128315
128615
128767
128819
128879
128883
128967
129251
129403
129583
129795
129983
130195
130375
130479
130779
131079
131211
131391
131691
131719
131723
132019
132023
132139
132143
132283
132435
132627
132779
132835
133075
133119
133123
133227
133331
133467
133587
133751
133855
134155
134199
134203
134319
134323
134427
134487
134667
134799
134919
134995
135115
135235
135307
135403
135463
135619
135687
135927
136075
136225
136375
136591
136759
136847
136943
137031
137135
137271
137375
137467
137623
137743
137923
138055
138179
138299
138407
138527
138591
138667
138755
138907
139055
139295
139519
139639
139643
139851
140015
140087
140147
140419
140599
140749
140899
141049
141199
141259
141407
141595
141691
141695
141811
141815
141919
142067
142247
142419
142555
142691
142847
142907
142967
143043
143271
143303
143595
143843
143963
144187
144263
144387
144515
144519
144631
144675
144679
144763
144859
145063
145151
145227
145527
145607
145759
145887
146095
146215
146359
146471
146591
146739
146819
146999
147099
147259
147383
147503
147563
147643
147791
147867
147959
148095
148275
148575
148591
148647
148711
148787
148799
148891
148895
148899
148903
148905
148907
148955
149087
149175
149179
149283
149475
149479
149539
149607
149699
149823
149943
150103
150223
150283
150491
150495
150579
150583
150627
150927
150971
150975
151063
151167
151271
151275
151279
151283
151391
151395
151483
151579
151631
151651
151723
151855
151859
151971
152027
152123
152207
152335
152499
152619
152799
153007
153155
153247
153319
153531
153607
153717
153927
154139
154271
154275
154411
154415
154603
154815
154927
155047
155115
155119
155259
155295
155323
155383
155487
155607
155679
155799
155909
155945
155947
155971
155973
155975
155981
155983
155985
155991
155993
155995
155997
155999
156001
156003
156029
156035
156039
156059
156085
156087
156089
156093
156099
156101
156119
156129
156131
156137
156139
156149
156151
156153
156157
156163
156283
156293
156311
156315
156317
156355
156359
156361
156369
156375
156379
156389
156391
156393
156397
156401
156403
156405
156407
156411
156413
156417
156431
156433
156435
156437
156439
156441
156445
156447
156451
156455
156459
156469
156477
156479
156483
156491
156493
156505
156507
156515
156529
156533
156535
156537
156551
156553
156715
156783
156879
157031
157151
157295
157299
157301
157483
157579
157643
157787
157903
157979
158131
158167
158255
158331
158407
158569
158611
158615
158731
158759
158807
158815
158859
158881
158885
158887
158889
158891
158975
159115
159119
159191
159279
159379
159491
159575
159731
159887
160035
160039
160095
160097
160211
160299
160389
160409
160479
160527
160603
160647
160699
160709
160887
160929
161079
161195
161199
161287
161435
161439
161495
161499
161603
161707
161827
161915
161919
162043
162135
162195
162299
162419
162435
162439
162441
162445
162499
162547
162621
162679
162683
162701
162839
162959
162991
163007
163027
163117
163127
163155
163303
163307
163309
163363
163439
163543
163635
163695
163843
164055
164235
164323
164415
164595
164819
165103
165315
165483
165651
165935
165939
166199
166291
166411
166711
166859
167159
167459
167491
167563
167743
167831
167967
168055
168059
168131
168327
168447
168507
168595
168599
168687
168819
168999
169119
169271
169403
169523
169675
169911
170183
170287
170391
170483
170675
170771
170863
170967
171115
171119
171191
171283
171371
171463
171567
171687
171807
171927
172047
172135
172139
172255
172259
172443
172547
172639
172791
173015
173019
173135
173139
173287
173363
173407
173419
173451
173479
173483
173555
173559
173615
173619
173707
173751
173823
173871
173931
173967
174115
174171
174215
174267
174295
174301
174307
174339
174409
174483
174619
174731
174859
175003
175095
175099
175139
175279
175347
175451
175527
175667
175967
176151
176155
176455
176463
176523
176659
176823
176955
176959
177063
177227
177295
177399
177503
177595
177731
177791
177795
177875
178027
178103
178327
178387
178495
178571
178763
178867
179051
179275
179341
179439
179691
179827
179923
180095
180275
180319
180419
180491
180583
180687
180927
181047
181135
181227
181295
181299
181387
181475
181519
181611
181687
181761
181839
181863
181885
181899
181955
182047
182159
182263
182267
182271
182273
182275
182277
182291
182293
182595
182771
183039
183159
183431
183731
183795
183799
183975
183979
184171
184471
184591
184743
184867
184991
185063
185147
185219
185331
185335
185375
185379
185531
185587
185719
185899
186079
186211
186379
186679
186879
187029
187179
187371
187631
187635
187751
187755
187887
188039
188111
188115
188303
188419
188479
188543
188581
188635
188935
188971
188975
189183
189347
189511
189587
189595
189599
189615
189619
189631
189633
189663
189683
189803
190051
190231
190331
190431
190507
190591
190647
190735
191035
191239
191479
191567
191627
191797
191967
192075
192195
192283
192579
192603
192623
192659
192663
192705
192707
192743
192795
192797
192979
192983
193191
193371
193431
193499
193503
193679
193683
193887
194003
194017
194043
194045
194131
194291
194379
194381
194483
194727
194799
194803
195055
195207
195299
195303
195391
195511
195667
195787
195847
195939
196035
196071
196101
196131
196159
196205
196207
196295
196359
196491
196539
196549
196593
196615
196683
196791
196863
196903
196991
197051
197291
197411
197499
197503
197619
197623
197711
197891
198011
198219
198223
198311
198395
198467
198559
198739
198859
199159
199219
199367
199459
199607
199907
200059
200299
200447
200567
200839
201047
201347
201439
201635
201791
201867
201971
202091
202211
202315
202435
202615
202795
202975
203215
203307
203427
203671
203911
204015
204111
204203
204503
204743
204879
204883
204939
204943
205091
205241
205391
205659
205663
205811
205951
206051
206167
206271
206295
206307
206327
206379
206387
206399
206483
206679
206827
207067
207247
207399
207403
207671
207791
207939
207943
208093
208239
208375
208527
208675
208863
209163
209171
209447
209627
209875
210119
210123
210125
210127
210129
210131
210133
210135
210137
210143
210298
210435
210439
210441
210443
210445
210447
210449
210751
211051
211351
211355
211357
211359
211361
211363
211365
211373
211397
211399
211401
211403
211405
211407
211409
211411
211413
211415
211599
211603
211903
212203
212503
