0
250
324
546
717
837
945
1041
1250
1442
1586
1714
1814
1942
2032
2102
2178
2346
2390
2640
2714
2838
2916
3062
3290
3410
3660
3779
4029
4108
4205
4330
4441
4566
4816
4886
5018
5114
5180
5256
5312
5378
5628
5690
5940
5978
6062
6130
6380
6442
6636
6752
6836
6989
7073
7187
7251
7362
7612
7794
7866
7936
8020
8140
8272
8483
8722
8773
8840
9076
9124
9251
9390
9458
9501
9633
9871
9943
10125
10257
10291
10315
10330
10465
10513
10657
10893
10987
11124
11212
11462
11535
11755
11998
12166
12358
12564
12636
12722
12839
13047
13180
13360
13384
13534
13710
13770
13935
14082
14250
14366
14426
14661
14747
14954
15044
15196
15220
15222
15272
15290
15301
15385
15392
15406
15423
15455
15466
15482
15494
15500
15560
15656
15704
15778
16028
16109
16359
16479
16585
16679
16775
16976
17111
17333
17453
17616
17658
17743
17830
17897
17993
18191
18331
18464
18548
18692
18814
19022
19154
19242
19338
19428
19534
19593
19843
20017
20111
20205
20327
20450
20601
20793
20893
20982
21066
21197
21326
21374
21442
21526
21598
21685
21884
21999
22095
22247
22357
22429
22526
22611
22717
22839
22879
22908
23136
23163
23232
23293
23324
23356
23441
23691
23729
23772
23964
24036
24165
24300
24384
24501
24553
24673
24865
24909
25087
25165
25303
25454
25536
25611
25677
25779
25880
26009
26070
26238
26361
26473
26714
26767
26820
26901
27081
27158
27211
27276
27343
27423
27543
27646
27701
27811
28027
28277
28363
28435
28579
28699
28837
29050
29194
29386
29636
29722
29842
29969
30043
30139
30389
30541
30609
30690
30771
30821
30853
30895
30926
31014
31074
31218
31308
31428
31563
31671
31749
31940
32067
32208
32327
32577
32653
32876
32948
33032
33166
33286
33439
33689
33855
33981
34085
34243
34285
34337
34418
34540
34606
34756
34864
35029
35279
35443
35638
35821
35953
36124
36202
36436
36512
36605
36689
36795
36883
37051
37301
37551
37675
37925
37957
38161
38338
38402
38546
38796
38918
39168
39206
39456
39488
39605
39721
39939
40011
40205
40299
40395
40435
40657
40907
40978
41049
41128
41164
41211
41351
41396
41576
41660
41768
41846
42006
42150
42318
42374
42482
42604
42744
42838
42910
42999
43101
43194
43326
43505
43602
43680
43840
44023
44079
44163
44256
44365
44486
44597
44749
44805
44899
44993
45113
45160
45373
45455
45510
45606
45703
45804
45919
45991
46033
46077
46259
46326
46575
46721
46971
46999
47079
47135
47336
47431
47479
47587
47678
47718
47773
47979
48043
48220
48299
48422
48467
48526
48634
48721
48805
48961
49111
49207
49400
49595
49691
49806
49929
49993
50161
50264
50398
50590
50670
50785
50851
51044
51198
51318
51396
51574
51719
51818
51863
51929
52003
52042
52144
52199
52343
52405
52541
52581
52668
52764
52884
53014
53248
53327
53473
53510
53603
53659
53742
53787
53851
53938
54055
54129
54188
54253
54368
54440
54520
54535
54726
54850
55100
55138
55217
55356
55404
55484
55571
55693
55797
56047
56109
56196
56355
56577
56697
56823
56910
57031
57092
57157
57221
57337
57454
57544
57760
58010
58092
58203
58265
58399
58495
58558
58614
58676
58779
58891
58960
59012
59047
59083
59275
59412
59486
59646
59784
60000
60156
60295
60380
60483
60581
60736
60789
60909
60981
61131
61217
61376
61487
61631
61881
62087
62303
62435
62639
62834
63084
63163
63238
63488
63570
63634
63690
63761
63853
64103
64353
64568
64736
64883
64997
65112
65203
65398
65648
65679
65929
66039
66183
66417
66573
66690
66940
66984
67135
67384
67619
67715
67790
67982
68086
68230
68350
68487
68672
68835
68962
69066
69316
69566
69816
69882
69933
70183
70227
70477
70539
70671
70819
70875
70919
71029
71119
71179
71429
71467
71632
71671
71759
71831
71870
71942
72192
72312
72469
72601
72851
72931
73010
73181
73241
73403
73539
73677
73743
73843
73946
74067
74254
74351
74601
74711
74808
74906
74978
75100
75215
75305
75398
75489
75621
75871
76083
76230
76362
76449
76556
76767
76820
76988
77238
77333
77471
77524
77728
77848
77908
78082
78130
78262
78449
78624
78726
78828
78942
79176
79285
79393
79515
79754
79859
79964
80057
80189
80321
80400
80496
80553
80645
80864
80911
81025
81253
81349
81408
81480
81656
81765
81957
81997
82245
82331
82418
82558
82682
82790
83040
83086
83176
83243
83351
83574
83599
83695
83921
84084
84178
84277
84527
84719
84845
84953
85071
85163
85388
85522
85621
85708
85820
85971
86099
86222
86306
86474
86571
86668
86779
86807
86861
87059
87229
87289
87356
87414
87547
87667
87747
87823
87923
88156
88312
88355
88605
88777
88939
88999
89054
89144
89281
89410
89660
89724
89808
90012
90066
90206
90254
90314
90509
90607
90803
90887
90923
91050
91170
91420
91464
91543
91793
91853
92045
92165
92415
92445
92521
92599
92737
92785
92929
92989
93192
93301
93551
93586
93678
93750
93867
93964
94012
94090
94162
94258
94306
94390
94504
94651
94819
94999
95164
95396
95538
95748
95796
95832
95922
95982
96024
96120
96237
96470
96597
96681
96796
96850
97009
97186
97436
97490
97586
97630
97750
97906
98081
98297
98401
98651
98681
98783
98965
99030
99102
99196
99270
99392
99467
99566
99689
99746
99782
99832
99906
99956
99998
100072
100114
100168
100353
100401
100461
100533
100561
100671
100793
100848
100921
100991
101031
101093
101174
101236
101332
101392
101642
101823
101892
102038
102104
102286
102382
102598
102640
102776
102892
103000
103168
103312
103400
103650
103724
103820
103955
104069
104165
104225
104475
104725
104753
104826
104898
105006
105147
105207
105448
105568
105790
105945
106040
106241
106292
106368
106491
106603
106771
106963
107057
107138
107303
107553
107792
107928
108120
108370
108372
108516
108679
108854
108998
109054
109126
109246
109436
109618
109688
109880
110130
110224
110344
110440
110668
110833
110877
111010
111165
111268
111383
111503
111602
111662
111839
112071
112152
112236
112350
112591
112841
112849
112898
113148
113192
113300
113402
113448
113556
113748
113888
113963
114028
114155
114280
114366
114614
114836
114895
115036
115242
115492
115566
115665
115781
115921
115961
116036
116236
116314
116377
116415
116665
116679
116915
117032
117098
117147
117219
117315
117411
117661
117716
117788
117832
117964
118019
118175
118242
118310
118432
118520
118658
118793
118874
118949
119045
119125
119210
119294
119477
119613
119744
119920
120037
120176
120248
120371
120467
120569
120681
120921
121057
121192
121367
121578
121778
122028
122127
122271
122367
122463
122703
122923
122997
123105
123297
123350
123421
123463
123643
123724
123856
124000
124250
124360
124489
124739
124814
124850
124928
125178
125300
125411
125627
125706
125814
126054
126110
126233
126353
126593
126709
126853
127103
127135
127381
127477
127549
127633
127708
127838
127980
128230
128289
128400
128592
128756
128888
129098
129223
129331
129475
129697
129803
130053
130073
130160
130400
130481
130601
130655
130727
130854
130902
130998
131130
131253
131469
131553
131612
131684
131720
131849
131969
132049
132122
132163
132271
132411
132477
132579
132795
132961
133107
133217
133261
133347
133511
133631
133663
133813
133911
134011
134197
134287
134389
134517
134674
134740
134856
134934
135037
135120
135208
135316
135371
135533
135592
135652
135721
135807
135913
135990
136050
136150
136242
136302
136442
136504
136686
136741
136861
136969
137041
137071
137251
137356
137422
137458
137496
137540
137611
137714
137738
137795
137866
137906
137946
138072
138184
138277
138358
138608
138709
138811
138907
138982
139009
139062
139127
139222
139270
139318
139362
139428
139476
139508
139539
139587
139667
139820
139965
140083
140155
140227
140321
140405
140527
140666
140734
140897
140969
141017
141053
141083
141195
141317
141439
141501
141553
141669
141717
141771
141812
141908
141980
142014
142058
142089
142165
142261
142357
142413
142487
142559
142656
142806
142878
142965
143130
143260
143308
143549
143614
143734
143854
143968
144076
144202
144322
144420
144551
144671
144791
144911
145019
145139
145389
145520
145655
145793
145913
146037
146163
146283
146415
146547
146691
146814
146922
147168
147273
147345
147421
147547
147797
148047
148164
