0
240
479
498
504
524
526
528
588
698
725
923
1091
1331
1543
1702
1738
1811
1893
2033
2177
2369
2579
2727
2895
3113
3144
3169
3179
3409
3412
3508
3638
3791
3896
3967
4049
4109
4246
4342
4403
4461
4653
4793
4913
5032
5272
5392
5451
5491
5577
5769
5833
5978
6050
6197
6338
6427
6523
6595
6769
6831
6962
7062
7140
7354
7514
7730
7795
8035
8243
8372
8612
8661
8795
9035
9050
9180
9226
9318
9403
9445
9489
9582
9803
9947
10085
10220
10265
10382
10445
10505
10721
10841
11064
11175
11227
11265
11294
11336
11432
11664
11760
11917
12109
12192
12292
12322
12391
12548
12658
12718
12958
12962
12996
13051
13123
13245
13263
13395
13625
13718
13790
13915
14024
14108
14217
14340
14391
14466
14592
14700
14816
14940
15136
15209
15353
15449
15475
15557
15621
15777
16016
16036
16039
16041
16153
16173
16217
16302
16431
16434
16458
16586
16642
16701
16729
16750
16753
16824
17001
17037
17101
17109
17111
17113
17115
17117
17119
17149
17157
17194
17227
17257
17265
17281
17342
17360
17363
17366
17377
17438
17558
17702
17826
17916
18012
18085
18162
18267
18303
18306
18483
18500
18539
18663
18773
18816
18988
19133
19179
19187
19234
19250
19311
19353
19482
19557
19643
19827
19921
20148
20267
20339
20547
20595
20689
20799
20959
21124
21316
21556
21796
21968
22040
22176
22253
22349
22515
22587
22649
22739
22848
23004
23071
23311
23431
23533
23601
23700
23786
23874
23946
24066
24306
24426
24549
24645
24723
24909
24998
25144
25180
25223
25291
25368
25488
25689
25794
25941
26037
26133
26247
26318
26408
26562
26593
26689
26753
26779
26781
26783
26787
26790
26806
26819
26821
26823
26825
26827
26829
26843
26847
26849
26851
26853
26886
26893
26898
26901
26904
26907
26909
26917
26920
26923
26933
26943
26946
26951
26953
26955
26957
26971
26975
26978
27026
27044
27046
27048
27050
27068
27072
27074
27096
27098
27116
27118
27120
27122
27138
27140
27142
27144
27146
27161
27163
27166
27314
27415
27430
27514
27586
27706
27936
27969
27999
28039
28041
28081
28177
28297
28393
28525
28747
28891
29023
29072
29081
29165
29198
29249
29278
29287
29307
29371
29387
29391
29393
29405
29435
29441
29547
29697
29937
30041
30045
30056
30104
30128
30226
30466
30472
30592
30702
30774
30791
30911
31069
31176
31266
31331
31409
31475
31526
31576
31623
31672
31801
31921
32065
32144
32264
32504
32509
32570
32678
32750
32990
33165
33241
33305
33432
33492
33732
33828
34036
34112
34216
34378
34606
34777
34825
34867
34896
35033
35117
35271
35325
35426
35516
35684
35706
35858
35867
35873
35879
35882
36088
36185
36275
36478
36522
36641
36698
36816
36878
36948
37044
37101
37205
37289
37414
37522
37643
37799
37910
38015
38254
38422
38512
38686
38926
39118
39305
39449
39593
39708
39781
39873
39950
40064
40227
40392
40434
40551
40612
40801
40882
41012
41201
41297
41482
41582
41596
41686
41748
41796
41904
41999
42037
42109
42154
42239
42244
42326
42395
42452
42565
42639
42665
42796
42886
42972
43039
43118
43358
43598
43640
43748
43779
43815
43849
43864
43870
43875
43888
43930
43968
43982
43985
43991
43996
44073
44113
44247
44305
44413
44566
44692
44836
45076
45252
45331
45391
45435
45604
45820
45940
46180
46210
46378
46618
46818
47022
47106
47250
47339
47531
47641
47881
48062
48104
48267
48439
48449
48593
48671
48743
48827
48943
48957
49069
49092
49163
49326
49413
49575
49686
49854
50094
50334
50400
50496
50736
50812
50944
51184
51232
51358
51466
51562
51802
51820
52016
52166
52334
52529
52639
52711
52774
52870
53110
53344
53421
53661
53762
53841
53936
54107
54254
54387
54498
54578
54817
54828
54832
54834
54838
54840
54844
54893
55031
55127
55265
55451
55691
55840
55940
56110
56307
56403
56598
56655
56799
56862
56872
57069
57195
57246
57486
57575
57735
57904
58014
58254
58422
58662
58902
58908
58992
59232
59427
59446
59452
59456
59467
59581
59641
59725
59821
59865
60005
60142
60241
60325
60423
60623
60656
60754
60794
60914
61044
61073
61126
61196
61328
61424
61480
61653
61847
61901
62021
62193
62259
62379
62517
62727
62799
62937
63117
63218
63290
63509
63629
63771
63773
63817
63837
63849
63875
63924
63947
63963
63965
63969
63971
63989
63991
63993
63995
64018
64036
64038
64068
64111
64157
64244
64328
64355
64422
64457
64546
64559
64651
64745
64805
64808
64826
64829
64853
64882
64921
64951
64954
65003
65020
65023
65026
65041
65044
65047
65053
65068
65107
65152
65212
65236
65247
65250
65253
65256
65364
65431
65450
65494
65516
65564
65618
65645
65676
65694
65696
65698
65750
65834
65844
65846
65848
65850
65852
65854
65856
65858
65868
65870
65872
65874
65876
65878
65880
65882
65890
65892
65894
65896
65898
65900
65902
65904
65906
65908
65921
66145
66172
66214
66281
66289
66375
66615
66621
66688
66874
67050
67101
67132
67210
67450
67583
67758
67911
68031
68134
68350
68524
68584
68695
68746
68787
69021
69117
69195
69259
69261
69399
69489
69505
69507
69509
69511
69513
69529
69533
69535
69537
69557
69559
69561
69577
69581
69583
69585
69601
69603
69605
69607
69609
69694
69754
69766
69874
69939
70055
70109
70117
70165
70229
70261
70381
70397
70399
70401
70403
70405
70441
70523
70528
70606
70713
70817
70903
70905
71028
71109
71151
71187
71343
71456
71504
71528
71612
71713
71764
71782
71866
71974
72080
72088
72208
72266
72308
72355
72433
72553
72601
72715
72769
72847
72886
72962
72974
73068
73088
73090
73092
73112
73114
73116
73176
73194
73266
73290
73302
73456
73526
73562
73594
73628
73646
73772
73851
73912
73964
73988
74012
74044
74122
74238
74328
74388
74448
74502
74580
74628
74670
74700
74730
74760
74772
74778
74790
74818
74896
74920
75037
75095
75126
75142
75144
75148
75150
75170
75172
75174
75182
75192
75196
75198
75208
75222
75298
75390
75478
75568
75628
75682
75730
75749
75759
75851
75893
75945
75997
76055
76082
76110
76128
76140
76191
76197
76251
76337
76371
76419
76455
76515
76543
76599
76615
76617
76619
76635
76645
76647
76649
76651
76653
76655
76747
76779
76848
76896
76944
77040
77178
77228
77288
77300
77428
77575
77758
77992
78184
78208
78292
78462
78540
78633
78801
78837
78981
79168
79253
79277
79293
79310
79341
79581
79592
79700
79868
80106
80162
80230
80422
80518
80608
80728
80968
81040
81180
81252
81329
81473
81617
81737
81857
81977
82095
82335
82455
82565
82721
82961
83059
83143
83231
83471
83484
83559
83580
83641
83651
83679
83751
83778
83862
83881
83908
83941
83979
84071
84146
84166
84176
84193
84196
84199
84211
84214
84217
84220
84223
84238
84241
84244
84247
84259
84262
84265
84268
84271
84286
84289
84292
84295
84310
84526
84578
84612
84614
84677
84712
84880
85001
85067
85151
85307
85413
85451
85529
85621
85630
85678
85736
85758
85824
85836
85838
85840
85842
85844
85846
85848
85915
85957
85974
85977
85983
86022
86100
86104
86150
86165
86168
86171
86173
86183
86233
86245
86247
86249
86251
86253
86255
86332
86483
86531
86547
86549
86551
86553
86555
86559
86561
86563
86565
86569
86571
86573
86575
86577
86579
86631
86718
86814
86903
86981
87046
87067
87069
87081
87083
87085
87087
87089
87091
87093
87115
87117
87137
87141
87177
87189
87191
87193
87195
87197
87199
87201
87211
87229
87243
87247
87249
87251
87253
87263
87265
87267
87271
87273
87275
87279
87291
87423
87429
87663
87717
87867
88083
88179
88326
88342
88346
88349
88353
88364
88368
88462
88630
88798
88822
88941
89068
89212
89272
89368
89512
89597
89741
89927
89999
90185
90241
90337
90434
90460
90544
90688
90742
90929
91028
91140
91296
91401
91590
91632
91766
91891
91974
92130
92370
92474
92557
92680
92838
92909
92999
93095
93227
93264
93504
93592
93674
93780
93923
94021
94094
94106
94108
94112
94114
94116
94118
94122
94315
94398
94524
94644
94754
94967
95051
95171
95279
95456
95543
95610
95754
95898
96138
96225
96272
96416
96482
96590
96753
96823
96989
97029
97169
97289
97381
97567
97680
97797
97845
97923
97971
98049
98097
98133
98265
98361
98458
98629
98869
98905
99001
99145
99265
99368
99599
99731
99815
99986
100106
100168
100252
100300
100440
100680
100848
100938
101078
101206
101346
101418
101658
101724
101928
102072
102217
102384
102466
102634
102802
102869
103010
103070
103222
103294
103406
103586
103690
103930
103964
104094
104100
104172
104412
104460
104544
104688
104784
104959
105067
105303
105358
105398
105436
105476
105626
105671
105767
105947
106016
106196
106292
106488
106572
106663
106891
107011
107089
107182
107212
107230
107306
107364
107589
107649
107709
107796
107932
108032
108080
108140
108156
108158
108160
108162
108166
108180
108182
108184
108190
108204
108206
108208
108214
108228
108232
108236
108352
108413
108535
108757
108804
108958
109042
109125
109169
109173
109293
109353
109413
109445
109491
109539
109653
109677
109695
109701
109941
109989
110160
110217
110313
110392
110494
110584
110646
110731
110789
110867
110965
111153
111205
111213
111273
111295
111301
111323
111327
111345
111417
111508
111567
111615
111653
111670
111672
111718
111734
111766
111870
111942
112062
112206
112387
112537
112597
112607
112609
112780
112831
112840
112843
112846
112848
112850
112852
112854
112866
112868
112870
112872
112874
112876
112878
112887
112889
112891
112893
112895
112897
112899
112901
112931
112975
113077
113241
113281
113320
113401
113487
113503
113507
113513
113535
113537
113555
113559
113659
113743
113773
113839
113907
114027
114167
114235
114385
114538
114625
114811
114883
115036
115087
115209
115273
115293
115295
115301
115323
115329
115361
115369
115383
115385
115409
115427
115433
115443
115453
115455
115457
115503
115520
115532
115542
115550
115552
115554
115556
115564
115648
115664
115668
115670
115672
115688
115692
115694
115696
115712
115718
115720
115778
115782
115792
115796
115798
115800
115804
115812
115814
115824
115828
115830
115840
115844
115846
115852
115854
115986
116062
116142
116220
116316
116463
116607
116847
116871
116904
116962
117024
117026
117030
117032
117034
117191
117329
117452
117512
117584
117680
117752
117922
117993
118045
118065
118191
118305
118500
118698
118892
119060
119300
119353
119509
119556
119754
119982
120078
120156
120207
120279
120291
120343
120417
120525
120621
120623
120767
120872
121016
121160
121352
121496
121736
121904
122144
122384
122588
122828
123068
123236
123476
123716
123812
124052
124235
